0.23242485	3.73E-06	1.08E-06	2.024048096	3.20E-09	3.20E-09	3.20E-10
0.203507014	9.41E-07	1.01E-06	3.627254509	8.91E-08	8.91E-08	8.91E-09
0.367374749	5.15E-06	1.28E-06	8.396793587	2.76E-08	2.76E-08	2.76E-09
0.170140281	3.87E-06	1.50E-06	4.929859719	1.91E-08	1.91E-08	1.91E-09
0.05002004	1.28E-06	1.74E-06	7.49498998	5.52E-08	5.52E-08	5.52E-09
0.397775551	5.20E-06	1.15E-06	9.559118236	3.71E-08	3.71E-08	3.71E-09
0.355511022	4.78E-06	1.62E-06	2.44488978	6.40E-09	6.40E-09	6.40E-10
0.288036072	2.77E-06	7.74E-07	8.897795591	3.76E-09	3.76E-09	3.76E-10
0.305831663	3.80E-06	1.14E-06	4.769539078	2.36E-07	2.36E-07	2.36E-08
0.049278557	3.62E-06	8.54E-07	4.268537074	2.86E-08	2.86E-08	2.86E-09
0.39258517	2.63E-06	1.60E-06	3.72745491	1.06E-08	1.06E-08	1.06E-09
0.136032064	4.13E-06	1.15E-06	1.102204409	1.14E-08	1.14E-08	1.14E-09
0.156052104	3.65E-06	1.61E-06	3.847695391	4.42E-09	4.42E-09	4.42E-10
0.204248497	1.54E-06	8.76E-07	5.190380762	3.93E-09	3.93E-09	3.93E-10
0.111563126	5.79E-06	8.20E-07	7.895791583	1.34E-07	1.34E-07	1.34E-08
0.171623246	1.16E-06	1.54E-06	6.993987976	1.77E-08	1.77E-08	1.77E-09
0.044088176	5.55E-06	1.61E-06	8.276553106	7.73E-09	7.73E-09	7.73E-10
0.271723447	1.33E-06	1.26E-06	0.661322645	4.30E-09	4.30E-09	4.30E-10
0.178296593	7.76E-07	1.57E-06	8.356713427	1.12E-08	1.12E-08	1.12E-09
0.263567134	4.51E-06	1.08E-06	3.146292585	2.53E-07	2.53E-07	2.53E-08
0.119719439	4.09E-06	1.14E-06	1.623246493	1.63E-08	1.63E-08	1.63E-09
0.293226453	2.01E-06	1.12E-06	4.549098196	6.75E-09	6.75E-09	6.75E-10
0.138997996	3.97E-06	1.56E-06	8.79759519	3.45E-08	3.45E-08	3.45E-09
0.156793587	1.45E-06	9.18E-07	4.729458918	3.28E-09	3.28E-09	3.28E-10
0.223527054	3.72E-06	1.44E-06	6.733466934	1.20E-07	1.20E-07	1.20E-08
0.093026052	3.41E-06	7.86E-07	2.424849699	4.53E-08	4.53E-08	4.53E-09
0.275430862	5.66E-07	8.38E-07	6.032064128	8.39E-09	8.39E-09	8.39E-10
0.079679359	2.81E-06	8.26E-07	9.318637275	1.39E-08	1.39E-08	1.39E-09
0.23761523	2.21E-06	1.12E-06	0.460921844	3.99E-08	3.99E-08	3.99E-09
0.356252505	1.23E-06	1.04E-06	1.162324649	1.19E-07	1.19E-07	1.19E-08
0.37997996	4.58E-06	1.66E-06	1.342685371	2.14E-08	2.14E-08	2.14E-09
0.328076152	2.67E-06	1.65E-06	5.951903808	4.29E-08	4.29E-08	4.29E-09
0.297675351	2.09E-06	9.26E-07	1.803607214	1.29E-07	1.29E-07	1.29E-08
0.359218437	1.61E-06	1.09E-06	5.110220441	4.15E-09	4.15E-09	4.15E-10
0.191643287	3.22E-06	1.26E-06	1.843687375	1.02E-07	1.02E-07	1.02E-08
0.255410822	3.10E-06	9.42E-07	2.324649299	1.52E-07	1.52E-07	1.52E-08
0.061883768	5.44E-07	1.17E-06	2.5250501	1.62E-08	1.62E-08	1.62E-09
0.11749499	1.62E-06	1.39E-06	1.763527054	3.31E-09	3.31E-09	3.31E-10
0.330300601	4.29E-06	1.72E-06	9.759519038	1.59E-08	1.59E-08	1.59E-09
0.246513026	3.94E-06	1.32E-06	6.813627255	4.41E-08	4.41E-08	4.41E-09
0.256152305	6.00E-06	1.47E-06	7.354709419	2.32E-07	2.32E-07	2.32E-08
0.083386774	2.54E-06	9.48E-07	6.553106212	1.08E-08	1.08E-08	1.08E-09
0.118977956	1.35E-06	1.28E-06	6.573146293	4.67E-09	4.67E-09	4.67E-10
0.235390782	3.33E-06	9.08E-07	7.014028056	1.61E-08	1.61E-08	1.61E-09
0.060400802	2.41E-06	1.31E-06	5.210420842	1.66E-07	1.66E-07	1.66E-08
0.259118236	3.39E-06	1.15E-06	8.857715431	4.11E-09	4.11E-09	4.11E-10
0.398517034	4.46E-06	9.88E-07	1.182364729	2.16E-07	2.16E-07	2.16E-08
0.084128257	3.09E-06	9.34E-07	5.03006012	5.54E-09	5.54E-09	5.54E-10
0.382945892	3.26E-06	1.16E-06	2.46492986	7.44E-08	7.44E-08	7.44E-09
0.07745491	2.02E-06	1.33E-06	2.404809619	3.42E-08	3.42E-08	3.42E-09
0.18496994	2.11E-06	9.62E-07	3.386773547	3.08E-09	3.08E-09	3.08E-10
0.107114228	5.93E-06	8.64E-07	4.709418838	3.63E-09	3.63E-09	3.63E-10
0.397034068	4.25E-06	1.54E-06	6.29258517	8.36E-08	8.36E-08	8.36E-09
0.041863727	5.69E-06	1.16E-06	3.006012024	8.06E-08	8.06E-08	8.06E-09
0.270240481	3.83E-06	9.80E-07	4.509018036	5.88E-08	5.88E-08	5.88E-09
0.075971944	4.97E-06	1.70E-06	4.068136273	1.23E-07	1.23E-07	1.23E-08
0.058917836	2.30E-06	1.67E-06	4.428857715	5.85E-09	5.85E-09	5.85E-10
0.147154309	3.37E-06	1.06E-06	4.629258517	2.41E-08	2.41E-08	2.41E-09
0.396292585	5.45E-06	1.19E-06	8.136272545	9.92E-08	9.92E-08	9.92E-09
0.308056112	2.37E-06	1.21E-06	2.144288577	1.99E-07	1.99E-07	1.99E-08
0.067815631	5.11E-06	1.01E-06	1.583166333	5.78E-08	5.78E-08	5.78E-09
0.32511022	2.72E-06	1.38E-06	7.975951904	2.20E-08	2.20E-08	2.20E-09
0.164208417	2.25E-06	1.29E-06	2.945891784	3.88E-08	3.88E-08	3.88E-09
0.147895792	4.32E-06	1.50E-06	2.705410822	1.38E-08	1.38E-08	1.38E-09
0.034448898	4.35E-06	1.18E-06	8.476953908	3.20E-09	3.20E-09	3.20E-10
0.2998998	2.07E-06	1.53E-06	4.048096192	9.18E-09	9.18E-09	9.18E-10
0.337715431	2.74E-06	1.68E-06	5.971943888	6.28E-09	6.28E-09	6.28E-10
0.279138277	5.77E-06	1.17E-06	1.743486974	1.41E-08	1.41E-08	1.41E-09
0.374048096	3.44E-06	7.62E-07	5.511022044	1.85E-07	1.85E-07	1.85E-08
0.286553106	3.38E-06	1.60E-06	9.619238477	7.99E-08	7.99E-08	7.99E-09
0.213887776	5.18E-06	7.96E-07	3.627254509	1.59E-07	1.59E-07	1.59E-08
0.253186373	5.31E-06	1.05E-06	1.122244489	3.83E-09	3.83E-09	3.83E-10
0.236132265	5.40E-06	1.58E-06	4.529058116	5.62E-08	5.62E-08	5.62E-09
0.210921844	2.51E-06	1.72E-06	0.741482966	3.79E-09	3.79E-09	3.79E-10
0.389619238	3.01E-06	1.23E-06	3.78757515	8.67E-08	8.67E-08	8.67E-09
0.166432866	1.19E-06	1.44E-06	7.114228457	8.29E-08	8.29E-08	8.29E-09
0.299158317	3.19E-06	1.74E-06	7.4749499	8.85E-09	8.85E-09	8.85E-10
0.112304609	3.21E-06	1.05E-06	8.196392786	2.12E-08	2.12E-08	2.12E-09
0.065591182	4.88E-06	1.27E-06	5.0501002	9.86E-09	9.86E-09	9.86E-10
0.175330661	4.16E-06	1.55E-06	3.607214429	5.23E-08	5.23E-08	5.23E-09
0.309539078	3.88E-06	1.48E-06	7.094188377	1.30E-08	1.30E-08	1.30E-09
0.142705411	2.14E-06	1.29E-06	0.320641283	1.25E-07	1.25E-07	1.25E-08
0.093767535	1.77E-06	1.73E-06	9.398797595	1.14E-07	1.14E-07	1.14E-08
0.21759519	4.02E-06	1.38E-06	9.579158317	8.14E-08	8.14E-08	8.14E-09
0.394068136	5.59E-06	1.46E-06	7.154308617	2.34E-08	2.34E-08	2.34E-09
0.265791583	5.66E-06	1.33E-06	5.070140281	3.47E-09	3.47E-09	3.47E-10
0.193867735	1.15E-06	1.45E-06	9.458917836	3.86E-09	3.86E-09	3.86E-10
0.334008016	5.85E-06	1.05E-06	6.19238477	1.07E-07	1.07E-07	1.07E-08
0.202765531	5.58E-06	8.12E-07	7.53507014	3.85E-08	3.85E-08	3.85E-09
0.346613226	4.40E-06	1.11E-06	4.609218437	2.96E-08	2.96E-08	2.96E-09
0.21240481	5.61E-06	1.28E-06	4.96993988	3.58E-08	3.58E-08	3.58E-09
0.296192385	1.79E-06	1.22E-06	1.723446894	2.16E-08	2.16E-08	2.16E-09
0.27246493	8.53E-07	1.62E-06	7.675350701	1.82E-08	1.82E-08	1.82E-09
0.378496994	3.74E-06	1.35E-06	8.016032064	2.24E-08	2.24E-08	2.24E-09
0.230200401	4.74E-06	1.22E-06	0.420841683	1.49E-08	1.49E-08	1.49E-09
0.068557114	3.71E-06	1.16E-06	6.072144289	2.78E-08	2.78E-08	2.78E-09
0.073747495	2.24E-06	8.82E-07	3.326653307	8.09E-09	8.09E-09	8.09E-10
0.239839679	3.32E-06	1.68E-06	9.338677355	3.78E-08	3.78E-08	3.78E-09
0.107855711	7.98E-07	1.49E-06	7.194388778	4.88E-09	4.88E-09	4.88E-10
0.184228457	5.86E-06	1.09E-06	1.042084168	1.04E-07	1.04E-07	1.04E-08
0.222044088	1.53E-06	1.17E-06	6.332665331	4.14E-08	4.14E-08	4.14E-09
0.101182365	7.54E-07	1.62E-06	7.414829659	4.04E-09	4.04E-09	4.04E-10
0.162725451	1.59E-06	1.73E-06	1.482965932	3.11E-09	3.11E-09	3.11E-10
0.131583166	3.84E-06	1.70E-06	5.731462926	1.99E-08	1.99E-08	1.99E-09
0.373306613	5.38E-06	1.03E-06	3.186372745	3.24E-08	3.24E-08	3.24E-09
0.385170341	2.15E-06	1.37E-06	1.563126253	2.57E-08	2.57E-08	2.57E-09
0.116753507	3.02E-06	9.68E-07	7.45490982	4.82E-08	4.82E-08	4.82E-09
0.266533066	3.35E-06	1.73E-06	3.76753507	8.75E-08	8.75E-08	8.75E-09
0.118236473	3.00E-06	9.36E-07	4.829659319	6.32E-08	6.32E-08	6.32E-09
0.145671343	3.42E-06	9.86E-07	3.887775551	4.23E-09	4.23E-09	4.23E-10
0.316212425	2.83E-06	8.44E-07	6.533066132	1.30E-07	1.30E-07	1.30E-08
0.150861723	1.91E-06	1.53E-06	6.25250501	7.37E-08	7.37E-08	7.37E-09
0.336232465	5.81E-06	1.25E-06	2.845691383	4.91E-08	4.91E-08	4.91E-09
0.146412826	1.65E-06	1.09E-06	8.77755511	3.82E-08	3.82E-08	3.82E-09
0.067074148	5.21E-06	1.70E-06	9.198396794	1.96E-08	1.96E-08	1.96E-09
0.328817635	2.26E-06	9.94E-07	0.100200401	5.15E-09	5.15E-09	5.15E-10
0.345871743	3.11E-06	1.57E-06	5.230460922	1.93E-07	1.93E-07	1.93E-08
0.200541082	1.73E-06	1.10E-06	4.368737475	1.18E-08	1.18E-08	1.18E-09
0.331042084	2.42E-06	1.67E-06	9.679358717	4.18E-08	4.18E-08	4.18E-09
0.110821643	3.27E-06	7.58E-07	7.55511022	1.87E-08	1.87E-08	1.87E-09
0.295450902	4.61E-06	1.23E-06	9.95991984	5.39E-09	5.39E-09	5.39E-10
0.047054108	3.58E-06	1.52E-06	6.653306613	9.66E-08	9.66E-08	9.66E-09
0.37256513	3.51E-06	9.96E-07	2.084168337	6.61E-08	6.61E-08	6.61E-09
0.218336673	5.27E-06	1.40E-06	8.316633267	1.92E-08	1.92E-08	1.92E-09
0.07004008	8.75E-07	7.72E-07	2.725450902	6.94E-09	6.94E-09	6.94E-10
0.380721443	5.48E-06	1.20E-06	1.903807615	2.09E-08	2.09E-08	2.09E-09
0.100440882	2.44E-06	1.44E-06	3.046092184	1.42E-07	1.42E-07	1.42E-08
0.102665331	1.44E-06	1.10E-06	0.240480962	6.69E-09	6.69E-09	6.69E-10
0.084869739	6.98E-07	1.32E-06	1.30260521	1.07E-08	1.07E-08	1.07E-09
0.313987976	3.66E-06	1.72E-06	1.442885772	3.96E-08	3.96E-08	3.96E-09
0.158276553	2.61E-06	8.40E-07	7.615230461	1.39E-07	1.39E-07	1.39E-08
0.293967936	2.23E-06	1.72E-06	0.721442886	4.65E-08	4.65E-08	4.65E-09
0.210180361	5.50E-06	1.70E-06	9.418837675	5.67E-08	5.67E-08	5.67E-09
0.294709419	7.87E-07	1.22E-06	1.783567134	3.75E-08	3.75E-08	3.75E-09
0.256893788	4.21E-06	9.04E-07	9.158316633	3.97E-09	3.97E-09	3.97E-10
0.071523046	4.75E-06	1.24E-06	0.901803607	2.43E-08	2.43E-08	2.43E-09
0.386653307	2.13E-06	9.78E-07	8.096192385	1.67E-07	1.67E-07	1.67E-08
0.238356713	2.69E-06	1.45E-06	1.362725451	2.14E-07	2.14E-07	2.14E-08
0.19757515	2.66E-06	1.39E-06	8.376753507	1.47E-08	1.47E-08	1.47E-09
0.267274549	4.14E-06	1.53E-06	2.184368737	1.51E-08	1.51E-08	1.51E-09
0.382204409	5.02E-06	1.64E-06	8.69739479	3.00E-09	3.00E-09	3.00E-10
0.368116232	5.67E-06	1.69E-06	7.054108216	2.30E-08	2.30E-08	2.30E-09
0.13751503	1.27E-06	1.31E-06	2.224448898	3.43E-09	3.43E-09	3.43E-10
0.15012024	5.52E-06	1.24E-06	7.995991984	1.22E-08	1.22E-08	1.22E-09
0.165691383	3.91E-06	1.48E-06	8.236472946	7.46E-09	7.46E-09	7.46E-10
0.186452906	3.86E-06	1.12E-06	9.218436874	1.72E-07	1.72E-07	1.72E-08
0.190160321	4.99E-06	7.70E-07	6.793587174	1.25E-08	1.25E-08	1.25E-09
0.095991984	5.17E-06	7.68E-07	9.799599198	2.18E-08	2.18E-08	2.18E-09
0.361442886	2.19E-06	1.08E-06	3.907815631	2.10E-08	2.10E-08	2.10E-09
0.357735471	5.90E-06	1.52E-06	9.699398798	1.17E-07	1.17E-07	1.17E-08
0.244288577	3.61E-06	7.90E-07	0.521042084	5.79E-09	5.79E-09	5.79E-10
0.159018036	1.92E-06	1.16E-06	4.669338677	2.40E-07	2.40E-07	2.40E-08
0.236873747	3.98E-06	1.42E-06	9.358717435	1.52E-08	1.52E-08	1.52E-09
0.388136273	3.49E-06	1.07E-06	3.527054108	3.21E-08	3.21E-08	3.21E-09
0.250961924	3.81E-06	1.25E-06	4.689378758	6.01E-09	6.01E-09	6.01E-10
0.399258517	1.69E-06	1.69E-06	9.378757515	4.84E-09	4.84E-09	4.84E-10
0.394809619	1.76E-06	1.48E-06	7.755511022	9.26E-09	9.26E-09	9.26E-10
0.139739479	5.49E-06	1.59E-06	4.128256513	4.87E-08	4.87E-08	4.87E-09
0.161242485	2.94E-06	1.26E-06	6.432865731	8.69E-09	8.69E-09	8.69E-10
0.348096192	4.07E-06	1.50E-06	7.334669339	1.11E-07	1.11E-07	1.11E-08
0.059659319	4.38E-06	1.58E-06	8.637274549	8.99E-08	8.99E-08	8.99E-09
0.313246493	4.37E-06	1.41E-06	8.156312625	4.08E-09	4.08E-09	4.08E-10
0.187935872	1.12E-06	1.27E-06	5.811623246	2.71E-08	2.71E-08	2.71E-09
0.216853707	5.26E-06	1.01E-06	2.004008016	1.75E-07	1.75E-07	1.75E-08
0.245771543	4.15E-06	8.06E-07	4.028056112	3.59E-09	3.59E-09	3.59E-10
0.393326653	2.32E-06	9.00E-07	3.647294589	1.03E-07	1.03E-07	1.03E-08
0.062625251	1.06E-06	9.58E-07	2.805611222	1.80E-07	1.80E-07	1.80E-08
0.098216433	5.53E-06	1.09E-06	5.611222445	6.15E-08	6.15E-08	6.15E-09
0.349579158	1.81E-06	1.62E-06	9.839679359	6.73E-08	6.73E-08	6.73E-09
0.257635271	4.73E-06	9.20E-07	3.106212425	7.94E-09	7.94E-09	7.94E-10
0.231683367	4.50E-06	1.42E-06	7.955911824	1.87E-07	1.87E-07	1.87E-08
0.109338677	5.71E-06	1.66E-06	3.967935872	4.97E-09	4.97E-09	4.97E-10
0.129358717	3.82E-06	1.41E-06	3.066132265	6.10E-08	6.10E-08	6.10E-09
0.15753507	3.63E-06	7.92E-07	3.206412826	1.98E-08	1.98E-08	1.98E-09
0.127875752	3.29E-06	1.46E-06	1.923847695	1.82E-07	1.82E-07	1.82E-08
0.124168337	1.03E-06	1.51E-06	0.360721443	1.16E-07	1.16E-07	1.16E-08
0.189418838	2.78E-06	1.47E-06	1.462925852	3.07E-08	3.07E-08	3.07E-09
0.11008016	5.00E-06	1.34E-06	0.681362725	3.25E-09	3.25E-09	3.25E-10
0.384428858	4.55E-06	7.76E-07	8.496993988	1.90E-07	1.90E-07	1.90E-08
0.055951904	3.12E-06	1.10E-06	0.080160321	1.69E-08	1.69E-08	1.69E-09
0.4	1.01E-06	1.36E-06	2.304609218	5.06E-09	5.06E-09	5.06E-10
0.064108216	5.24E-06	1.06E-06	8.597194389	1.10E-08	1.10E-08	1.10E-09
0.242064128	4.28E-06	1.00E-06	4.649298597	1.89E-08	1.89E-08	1.89E-09
0.081903808	4.52E-06	9.46E-07	6.513026052	4.21E-08	4.21E-08	4.21E-09
0.291743487	1.99E-06	1.15E-06	4.98997996	1.09E-07	1.09E-07	1.09E-08
0.196092184	2.29E-06	1.75E-06	8.73747495	8.24E-09	8.24E-09	8.24E-10
0.365150301	5.35E-06	1.56E-06	3.547094188	1.24E-08	1.24E-08	1.24E-09
0.201282565	2.65E-06	9.28E-07	2.565130261	2.39E-08	2.39E-08	2.39E-09
0.03741483	4.63E-06	1.41E-06	3.486973948	2.58E-07	2.58E-07	2.58E-08
0.315470942	4.27E-06	1.51E-06	0.501002004	3.05E-09	3.05E-09	3.05E-10
0.25244489	5.82E-06	1.45E-06	7.855711423	1.65E-08	1.65E-08	1.65E-09
0.322885772	2.52E-06	1.40E-06	3.446893788	3.17E-09	3.17E-09	3.17E-10
0.031482966	4.53E-06	1.30E-06	1.382765531	6.92E-08	6.92E-08	6.92E-09
0.143446894	1.70E-06	1.46E-06	2.124248497	7.07E-09	7.07E-09	7.07E-10
0.085611222	4.36E-06	1.29E-06	7.434869739	1.35E-07	1.35E-07	1.35E-08
0.228717435	3.54E-06	1.25E-06	2.605210421	3.13E-08	3.13E-08	3.13E-09
0.391102204	4.80E-06	1.11E-06	5.831663327	2.02E-07	2.02E-07	2.02E-08
0.198316633	9.41E-07	1.18E-06	2.164328657	2.32E-08	2.32E-08	2.32E-09
0.351803607	5.70E-06	1.14E-06	7.254509018	9.60E-09	9.60E-09	9.60E-10
0.219078156	4.77E-06	1.60E-06	1.28256513	7.71E-08	7.71E-08	7.71E-09
0.242805611	1.94E-06	1.52E-06	0.140280561	2.21E-07	2.21E-07	2.21E-08
0.233166333	3.93E-06	7.82E-07	4.589178357	1.35E-08	1.35E-08	1.35E-09
0.225751503	3.31E-06	9.12E-07	6.412825651	4.50E-09	4.50E-09	4.50E-10
0.391843687	4.84E-06	1.02E-06	1.683366733	1.71E-08	1.71E-08	1.71E-09
0.282104208	6.76E-07	1.07E-06	3.246492986	8.02E-09	8.02E-09	8.02E-10
0.239098196	3.08E-06	1.74E-06	9.118236473	2.05E-08	2.05E-08	2.05E-09
0.135290581	5.56E-06	9.76E-07	1.26252505	4.10E-08	4.10E-08	4.10E-09
0.314729459	1.02E-06	1.71E-06	8.336673347	7.30E-08	7.30E-08	7.30E-09
0.123426854	3.52E-06	1.55E-06	7.695390782	2.28E-08	2.28E-08	2.28E-09
0.221302605	5.25E-06	1.53E-06	5.490981964	2.07E-08	2.07E-08	2.07E-09
0.075230461	1.88E-06	1.02E-06	3.286573146	9.23E-08	9.23E-08	9.23E-09
0.241322645	5.98E-06	8.42E-07	2.264529058	1.18E-07	1.18E-07	1.18E-08
0.113046092	4.59E-06	1.08E-06	7.875751503	2.56E-07	2.56E-07	2.56E-08
0.149378758	1.98E-06	1.64E-06	6.673346693	4.38E-09	4.38E-09	4.38E-10
0.33993988	1.29E-06	1.42E-06	4.148296593	3.27E-08	3.27E-08	3.27E-09
0.055210421	2.59E-06	9.84E-07	5.310621242	6.82E-09	6.82E-09	6.82E-10
0.133807615	2.49E-06	1.19E-06	9.178356713	1.11E-08	1.11E-08	1.11E-09
0.091543086	1.72E-06	1.35E-06	7.394789579	7.80E-09	7.80E-09	7.80E-10
0.338456914	9.19E-07	1.10E-06	9.038076152	2.25E-07	2.25E-07	2.25E-08
0.172364729	8.20E-07	1.67E-06	8.917835671	5.11E-09	5.11E-09	5.11E-10
0.227234469	1.04E-06	1.65E-06	4.869739479	1.12E-07	1.12E-07	1.12E-08
0.182745491	2.98E-06	1.63E-06	0.921843687	4.33E-08	4.33E-08	4.33E-09
0.048537074	5.46E-06	1.24E-06	4.208416834	1.28E-07	1.28E-07	1.28E-08
0.306573146	2.70E-06	1.48E-06	9.639278557	1.43E-08	1.43E-08	1.43E-09
0.188677355	4.94E-06	7.88E-07	8.176352705	2.88E-08	2.88E-08	2.88E-09
0.088577154	1.49E-06	1.44E-06	8.837675351	1.15E-07	1.15E-07	1.15E-08
0.250220441	5.36E-06	1.03E-06	8.677354709	2.45E-08	2.45E-08	2.45E-09
0.179779559	4.68E-06	1.67E-06	0.581162325	3.05E-08	3.05E-08	3.05E-09
0.234649299	1.07E-06	1.04E-06	2.024048096	3.30E-08	3.30E-08	3.30E-09
0.371082164	5.63E-06	1.69E-06	6.372745491	5.49E-09	5.49E-09	5.49E-10
0.160501002	1.32E-06	1.63E-06	0.601202405	8.93E-09	8.93E-09	8.93E-10
0.262825651	5.87E-06	1.15E-06	2.885771543	1.31E-07	1.31E-07	1.31E-08
0.316953908	3.67E-06	1.57E-06	6.472945892	6.98E-08	6.98E-08	6.98E-09
0.374789579	2.35E-06	1.36E-06	0.941883768	2.03E-08	2.03E-08	2.03E-09
0.096733467	2.20E-06	1.65E-06	5.791583166	1.06E-07	1.06E-07	1.06E-08
0.321402806	2.58E-06	1.74E-06	4.168336673	6.17E-09	6.17E-09	6.17E-10
0.051503006	2.43E-06	9.64E-07	0.220440882	1.29E-08	1.29E-08	1.29E-09
0.347354709	2.97E-06	8.08E-07	8.296593186	1.53E-08	1.53E-08	1.53E-09
0.044829659	1.13E-06	1.23E-06	6.132264529	2.38E-07	2.38E-07	2.38E-08
0.05743487	4.91E-06	1.38E-06	0.761523046	8.59E-08	8.59E-08	8.59E-09
0.31250501	4.71E-06	1.00E-06	9.739478958	7.04E-08	7.04E-08	7.04E-09
0.304348697	4.39E-06	7.60E-07	7.074148297	1.68E-08	1.68E-08	1.68E-09
0.284328657	4.60E-06	8.52E-07	3.987975952	5.57E-08	5.57E-08	5.57E-09
0.098957916	7.09E-07	1.47E-06	8.056112224	5.72E-08	5.72E-08	5.72E-09
0.153827655	1.56E-06	1.05E-06	0.260521042	1.76E-08	1.76E-08	1.76E-09
0.23242485	6.54E-07	1.13E-06	3.70741483	2.54E-08	2.54E-08	2.54E-09
0.133066132	3.46E-06	9.90E-07	1.20240481	9.49E-08	9.49E-08	9.49E-09
0.258376754	3.40E-06	1.36E-06	1.523046092	4.96E-08	4.96E-08	4.96E-09
0.298416834	2.84E-06	1.66E-06	3.687374749	1.94E-08	1.94E-08	1.94E-09
0.087094188	2.05E-06	1.26E-06	6.012024048	7.59E-09	7.59E-09	7.59E-10
0.364408818	5.04E-06	1.56E-06	3.366733467	3.53E-09	3.53E-09	3.53E-10
0.209438878	4.31E-06	1.28E-06	5.430861723	5.64E-09	5.64E-09	5.64E-10
0.196833667	1.38E-06	1.55E-06	9.859719439	1.28E-08	1.28E-08	1.28E-09
0.126392786	9.74E-07	7.78E-07	1.663326653	1.63E-07	1.63E-07	1.63E-08
0.333266533	5.33E-06	9.14E-07	8.256513026	5.99E-08	5.99E-08	5.99E-09
0.195350701	2.89E-06	1.29E-06	8.977955912	1.17E-08	1.17E-08	1.17E-09
0.180521042	2.91E-06	1.36E-06	0.801603206	2.66E-08	2.66E-08	2.66E-09
0.219819639	3.53E-06	1.07E-06	0.821643287	1.36E-08	1.36E-08	1.36E-09
0.190901804	5.07E-06	1.20E-06	5.450901804	1.88E-07	1.88E-07	1.88E-08
0.035190381	1.36E-06	1.66E-06	9.97995992	6.12E-09	6.12E-09	6.12E-10
0.249478958	2.00E-06	1.30E-06	2.625250501	9.78E-09	9.78E-09	9.78E-10
0.066332665	4.42E-06	1.45E-06	6.092184369	5.69E-09	5.69E-09	5.69E-10
0.09006012	1.46E-06	8.10E-07	5.851703407	2.94E-08	2.94E-08	2.94E-09
0.28507014	7.65E-07	1.14E-06	2.364729459	1.32E-07	1.32E-07	1.32E-08
0.22501002	5.76E-06	1.11E-06	7.795591182	5.29E-09	5.29E-09	5.29E-10
0.331783567	4.90E-06	8.92E-07	9.498997996	1.08E-07	1.08E-07	1.08E-08
0.170881764	4.49E-06	1.68E-06	7.935871743	7.66E-09	7.66E-09	7.66E-10
0.163466934	1.93E-06	1.71E-06	4.9498998	2.47E-08	2.47E-08	2.47E-09
0.277655311	3.30E-06	1.06E-06	6.693386774	5.42E-08	5.42E-08	5.42E-09
0.38739479	3.07E-06	9.74E-07	5.891783567	9.15E-08	9.15E-08	9.15E-09
0.273947896	5.01E-06	7.80E-07	3.80761523	1.56E-08	1.56E-08	1.56E-09
0.343647295	5.68E-06	1.59E-06	7.815631263	9.34E-09	9.34E-09	9.34E-10
0.14492986	4.67E-06	1.60E-06	6.953907816	6.04E-08	6.04E-08	6.04E-09
0.043346693	2.18E-06	8.48E-07	0.440881764	1.61E-07	1.61E-07	1.61E-08
0.070781563	1.05E-06	1.40E-06	3.947895792	7.33E-09	7.33E-09	7.33E-10
0.159759519	1.25E-06	1.59E-06	4.909819639	4.78E-08	4.78E-08	4.78E-09
0.282845691	3.06E-06	1.06E-06	6.933867735	1.78E-07	1.78E-07	1.78E-08
0.125651303	6.21E-07	1.14E-06	1.422845691	4.26E-09	4.26E-09	4.26E-10
0.058176353	3.69E-06	1.69E-06	5.591182365	3.19E-08	3.19E-08	3.19E-09
0.348837675	8.42E-07	1.50E-06	2.905811623	8.77E-09	8.77E-09	8.77E-10
0.086352705	4.17E-06	7.64E-07	7.034068136	2.81E-08	2.81E-08	2.81E-09
0.254669339	5.80E-06	8.68E-07	8.577154309	6.46E-09	6.46E-09	6.46E-10
0.383687375	2.90E-06	9.82E-07	9.519038076	1.45E-08	1.45E-08	1.45E-09
0.063366733	2.36E-06	1.20E-06	3.827655311	1.74E-08	1.74E-08	1.74E-09
0.054468938	8.09E-07	1.13E-06	5.751503006	9.10E-09	9.10E-09	9.10E-10
0.155310621	4.70E-06	9.02E-07	2.765531062	1.66E-08	1.66E-08	1.66E-09
0.035931864	4.12E-06	1.19E-06	3.667334669	3.68E-08	3.68E-08	3.68E-09
0.122685371	4.79E-06	1.20E-06	4.889779559	1.40E-07	1.40E-07	1.40E-08
0.167174349	5.29E-06	1.54E-06	3.927855711	7.24E-08	7.24E-08	7.24E-09
0.302865731	1.11E-06	1.33E-06	5.771543086	9.75E-08	9.75E-08	9.75E-09
0.114529058	3.24E-06	1.13E-06	1.703406814	2.01E-07	2.01E-07	2.01E-08
0.287294589	5.44E-06	1.23E-06	0.701402806	2.47E-07	2.47E-07	2.47E-08
0.281362725	3.50E-06	1.23E-06	6.452905812	1.49E-07	1.49E-07	1.49E-08
0.205731463	4.95E-06	8.02E-07	2.925851703	1.50E-07	1.50E-07	1.50E-08
0.268016032	9.85E-07	1.74E-06	5.150300601	5.25E-09	5.25E-09	5.25E-10
0.260601202	5.13E-06	1.25E-06	1.863727455	7.39E-09	7.39E-09	7.39E-10
0.082645291	4.01E-06	1.52E-06	6.27254509	5.37E-08	5.37E-08	5.37E-09
0.141963928	3.77E-06	8.32E-07	6.492985972	1.02E-08	1.02E-08	1.02E-09
0.036673347	8.64E-07	1.33E-06	0.841683367	2.19E-07	2.19E-07	2.19E-08
0.176072144	2.75E-06	9.56E-07	9.719438878	7.13E-09	7.13E-09	7.13E-10
0.052244489	5.14E-06	1.65E-06	3.867735471	7.19E-09	7.19E-09	7.19E-10
0.121202405	4.08E-06	9.38E-07	9.599198397	5.44E-09	5.44E-09	5.44E-10
0.377014028	9.96E-07	1.05E-06	9.258517034	3.10E-08	3.10E-08	3.10E-09
0.074488978	6.87E-07	1.38E-06	6.753507014	7.53E-09	7.53E-09	7.53E-10
0.179038076	3.73E-06	1.58E-06	7.294589178	1.58E-08	1.58E-08	1.58E-09
0.073006012	9.63E-07	7.54E-07	1.062124248	1.95E-07	1.95E-07	1.95E-08
0.375531062	7.31E-07	1.18E-06	1.603206413	4.69E-08	4.69E-08	4.69E-09
0.329559118	5.54E-06	1.72E-06	1.943887776	6.38E-08	6.38E-08	6.38E-09
0.342164329	3.15E-06	9.16E-07	1.322645291	6.63E-09	6.63E-09	6.63E-10
0.233907816	1.17E-06	1.44E-06	9.819639279	1.16E-08	1.16E-08	1.16E-09
0.199799599	4.34E-06	1.13E-06	8.076152305	2.51E-07	2.51E-07	2.51E-08
0.300641283	5.09E-06	9.54E-07	0.621242485	4.57E-08	4.57E-08	4.57E-09
0.064849699	2.40E-06	9.22E-07	8.937875752	1.55E-08	1.55E-08	1.55E-09
0.095250501	4.04E-06	1.12E-06	7.214428858	4.79E-09	4.79E-09	4.79E-10
0.283587174	5.42E-06	1.20E-06	3.466933868	8.46E-09	8.46E-09	8.46E-10
0.032965932	5.47E-06	1.35E-06	6.893787575	4.19E-09	4.19E-09	4.19E-10
0.153086172	2.95E-06	1.59E-06	5.290581162	3.37E-09	3.37E-09	3.37E-10
0.334749499	5.10E-06	1.04E-06	3.587174349	2.68E-08	2.68E-08	2.68E-09
0.356993988	3.23E-06	9.50E-07	1.142284569	1.32E-08	1.32E-08	1.32E-09
0.099699399	5.39E-06	1.21E-06	5.551102204	1.34E-08	1.34E-08	1.34E-09
0.056693387	2.87E-06	1.09E-06	7.735470942	1.46E-07	1.46E-07	1.46E-08
0.308797595	5.72E-06	9.24E-07	6.172344689	6.44E-08	6.44E-08	6.44E-09
0.089318637	1.51E-06	1.42E-06	5.330661323	6.88E-09	6.88E-09	6.88E-10
0.276172345	2.86E-06	1.57E-06	5.631262525	3.72E-09	3.72E-09	3.72E-10
0.253927856	2.56E-06	1.32E-06	7.134268537	2.17E-07	2.17E-07	2.17E-08
0.35254509	2.64E-06	1.29E-06	10	1.22E-07	1.22E-07	1.22E-08
0.214629259	9.08E-07	8.24E-07	7.374749499	9.57E-08	9.57E-08	9.57E-09
0.24503006	3.43E-06	9.66E-07	6.392785571	4.34E-09	4.34E-09	4.34E-10
0.274689379	1.26E-06	1.31E-06	8.817635271	2.10E-07	2.10E-07	2.10E-08
0.273206413	5.00E-07	7.52E-07	3.266533066	5.00E-08	5.00E-08	5.00E-09
0.366633267	4.85E-06	8.18E-07	8.517034068	7.50E-08	7.50E-08	7.50E-09
0.185711423	1.95E-06	1.61E-06	4.108216433	4.71E-09	4.71E-09	4.71E-10
0.35995992	1.18E-06	8.62E-07	2.965931864	2.30E-07	2.30E-07	2.30E-08
0.080420842	3.55E-06	1.36E-06	4.488977956	2.73E-08	2.73E-08	2.73E-09
0.278396794	1.67E-06	8.30E-07	4.388777555	2.12E-07	2.12E-07	2.12E-08
0.038897796	1.39E-06	8.16E-07	1.022044088	2.99E-08	2.99E-08	2.99E-09
0.040380762	5.96E-06	9.40E-07	4.348697395	2.65E-07	2.65E-07	2.65E-08
0.039639279	4.66E-06	1.42E-06	0.561122244	1.33E-08	1.33E-08	1.33E-09
0.248737475	4.43E-06	1.03E-06	6.052104208	3.39E-08	3.39E-08	3.39E-09
0.395551102	4.62E-06	8.00E-07	0.02004008	2.01E-08	2.01E-08	2.01E-09
0.182004008	3.04E-06	1.43E-06	1.643286573	9.52E-09	9.52E-09	9.52E-10
0.251703407	2.53E-06	1.53E-06	4.448897796	3.03E-09	3.03E-09	3.03E-10
0.353286573	5.91E-06	1.66E-06	6.312625251	8.31E-09	8.31E-09	8.31E-10
0.27987976	4.18E-06	1.24E-06	8.537074148	1.21E-08	1.21E-08	1.21E-09
0.072264529	1.24E-06	1.26E-06	5.270541082	3.66E-09	3.66E-09	3.66E-10
0.148637275	4.56E-06	1.60E-06	4.749498998	1.05E-07	1.05E-07	1.05E-08
0.069298597	5.75E-06	8.80E-07	0.120240481	2.61E-08	2.61E-08	2.61E-09
0.030741483	5.37E-06	8.34E-07	8.036072144	1.00E-08	1.00E-08	1.00E-09
0.276913828	1.08E-06	8.58E-07	6.973947896	3.49E-08	3.49E-08	3.49E-09
0.370340681	4.89E-06	8.70E-07	0.881763527	1.54E-07	1.54E-07	1.54E-08
0.291002004	4.57E-06	1.01E-06	9.278557114	3.50E-09	3.50E-09	3.50E-10
0.220561122	2.96E-06	1.33E-06	1.24248497	9.95E-09	9.95E-09	9.95E-10
0.167915832	2.55E-06	1.37E-06	5.01002004	6.79E-08	6.79E-08	6.79E-09
0.33252505	2.46E-06	8.04E-07	6.713426854	4.49E-08	4.49E-08	4.49E-09
0.174589178	3.64E-06	1.19E-06	0.200400802	6.21E-08	6.21E-08	6.21E-09
0.341422846	1.37E-06	1.75E-06	8.75751503	4.25E-08	4.25E-08	4.25E-09
0.203507014	5.32E-06	8.74E-07	4.809619238	3.56E-09	3.56E-09	3.56E-10
0.046312625	1.43E-06	8.86E-07	2.104208417	4.46E-09	4.46E-09	4.46E-10
0.354028056	3.05E-06	1.27E-06	6.773547094	1.27E-07	1.27E-07	1.27E-08
0.087835671	1.21E-06	1.31E-06	9.879759519	8.21E-08	8.21E-08	8.21E-09
0.041122244	2.80E-06	1.19E-06	6.853707415	1.03E-08	1.03E-08	1.03E-09
0.336973948	2.45E-06	1.54E-06	8.877755511	7.00E-09	7.00E-09	7.00E-10
0.176813627	2.76E-06	1.34E-06	1.402805611	6.57E-09	6.57E-09	6.57E-10
0.362184369	5.83E-06	1.07E-06	4.248496994	9.01E-09	9.01E-09	9.01E-10
0.325851703	3.99E-06	7.98E-07	0.781563126	5.14E-08	5.14E-08	5.14E-09
0.290260521	1.41E-06	1.35E-06	7.51503006	1.21E-07	1.21E-07	1.21E-08
0.285811623	5.06E-06	1.48E-06	5.531062124	1.77E-07	1.77E-07	1.77E-08
0.311763527	2.10E-06	1.24E-06	0.541082164	1.56E-07	1.56E-07	1.56E-08
0.194609218	5.94E-06	1.73E-06	6.593186373	3.61E-08	3.61E-08	3.61E-09
0.224268537	1.89E-06	9.52E-07	1.503006012	9.69E-09	9.69E-09	9.69E-10
0.247254509	2.73E-06	1.18E-06	0.04008016	7.87E-09	7.87E-09	7.87E-10
0.261342685	1.82E-06	1.41E-06	6.21242485	1.97E-07	1.97E-07	1.97E-08
0.078196393	5.64E-06	9.60E-07	3.306613226	2.06E-07	2.06E-07	2.06E-08
0.20498998	1.66E-06	1.49E-06	2.064128257	5.90E-09	5.90E-09	5.90E-10
0.230941884	6.65E-07	8.90E-07	5.390781563	7.11E-08	7.11E-08	7.11E-09
0.1649499	3.60E-06	1.59E-06	0.981963928	1.19E-08	1.19E-08	1.19E-09
0.215370741	1.22E-06	9.06E-07	4.288577154	3.92E-08	3.92E-08	3.92E-09
0.173106212	5.34E-06	1.46E-06	0.300601202	3.33E-08	3.33E-08	3.33E-09
0.061142285	3.75E-06	1.51E-06	4.088176353	6.55E-08	6.55E-08	6.55E-09
0.342905812	1.30E-06	1.64E-06	2.044088176	2.52E-08	2.52E-08	2.52E-09
0.047795591	3.16E-06	1.17E-06	5.671342685	2.63E-07	2.63E-07	2.63E-08
0.152344689	2.92E-06	1.30E-06	2.244488978	4.74E-08	4.74E-08	4.74E-09
0.345130261	7.42E-07	1.30E-06	5.911823647	1.48E-08	1.48E-08	1.48E-09
0.363667335	2.79E-06	9.30E-07	9.098196393	6.23E-09	6.23E-09	6.23E-10
0.207955912	5.55E-07	1.27E-06	4.228456914	1.44E-08	1.44E-08	1.44E-09
0.173847695	3.92E-06	1.50E-06	5.571142285	1.92E-07	1.92E-07	1.92E-08
0.105631263	1.55E-06	1.54E-06	9.438877756	1.80E-08	1.80E-08	1.80E-09
0.259859719	3.70E-06	1.34E-06	2.985971944	6.06E-09	6.06E-09	6.06E-10
0.076713427	4.41E-06	1.43E-06	3.226452906	4.06E-08	4.06E-08	4.06E-09
0.240581162	5.22E-06	8.98E-07	7.234468938	3.55E-08	3.55E-08	3.55E-09
0.339198397	1.75E-06	1.07E-06	3.567134269	1.57E-07	1.57E-07	1.57E-08
0.104148297	5.43E-06	1.39E-06	4.328657315	1.83E-07	1.83E-07	1.83E-08
0.136773547	1.50E-06	1.11E-06	9.018036072	2.45E-07	2.45E-07	2.45E-08
0.050761523	1.84E-06	1.10E-06	4.789579158	3.52E-08	3.52E-08	3.52E-09
0.264308617	4.19E-06	1.37E-06	9.238476954	1.70E-07	1.70E-07	1.70E-08
0.29248497	2.48E-06	8.72E-07	4.188376754	1.45E-07	1.45E-07	1.45E-08
0.03	4.05E-06	1.02E-06	5.170340681	3.36E-08	3.36E-08	3.36E-09
0.323627255	3.56E-06	1.03E-06	0.340681363	5.33E-08	5.33E-08	5.33E-09
0.354769539	5.89E-06	9.10E-07	3.346693387	4.37E-08	4.37E-08	4.37E-09
0.365891784	4.20E-06	1.43E-06	8.557114228	3.14E-09	3.14E-09	3.14E-10
0.17755511	5.60E-06	1.00E-06	9.93987976	3.22E-09	3.22E-09	3.22E-10
0.296933868	5.33E-07	1.30E-06	6.352705411	1.01E-07	1.01E-07	1.01E-08
0.207214429	8.86E-07	7.94E-07	6.633266533	6.34E-09	6.34E-09	6.34E-10
0.302124248	5.78E-06	1.63E-06	1.883767535	1.48E-07	1.48E-07	1.48E-08
0.268757515	2.12E-06	1.56E-06	7.715430862	2.50E-08	2.50E-08	2.50E-09
0.113787575	4.26E-06	1.67E-06	8.997995992	5.74E-09	5.74E-09	5.74E-10
0.081162325	2.27E-06	1.01E-06	6.23246493	9.07E-08	9.07E-08	9.07E-09
0.311022044	2.68E-06	8.46E-07	2.665330661	1.69E-07	1.69E-07	1.69E-08
0.344388778	5.28E-06	1.58E-06	2.48496994	5.94E-08	5.94E-08	5.94E-09
0.199058116	1.97E-06	1.63E-06	3.166332665	4.58E-09	4.58E-09	4.58E-10
0.226492986	5.77E-07	1.71E-06	9.919839679	7.26E-09	7.26E-09	7.26E-10
0.362925852	1.10E-06	1.65E-06	1.983967936	1.85E-08	1.85E-08	1.85E-09
0.303607214	3.45E-06	1.32E-06	2.645290581	6.50E-08	6.50E-08	6.50E-09
0.115270541	4.82E-06	1.71E-06	5.470941884	4.00E-09	4.00E-09	4.00E-10
0.318436874	2.57E-06	1.43E-06	1.002004008	2.27E-07	2.27E-07	2.27E-08
0.134549098	5.03E-06	1.34E-06	2.54509018	7.57E-08	7.57E-08	7.57E-09
0.151603206	4.93E-06	1.02E-06	3.086172345	2.49E-07	2.49E-07	2.49E-08
0.181262525	4.47E-06	8.60E-07	5.370741483	2.26E-08	2.26E-08	2.26E-09
0.168657315	3.20E-06	1.34E-06	7.835671343	1.10E-07	1.10E-07	1.10E-08
0.376272545	2.03E-06	1.21E-06	5.691382766	1.00E-07	1.00E-07	1.00E-08
0.229458918	5.88E-07	7.84E-07	9.298597194	1.74E-07	1.74E-07	1.74E-08
0.154569138	3.78E-06	1.37E-06	2.685370741	5.05E-08	5.05E-08	5.05E-09
0.161983968	4.72E-06	1.22E-06	6.873747495	8.51E-08	8.51E-08	8.51E-09
0.360701403	4.06E-06	1.55E-06	3.026052104	1.60E-07	1.60E-07	1.60E-08
0.301382766	6.43E-07	1.01E-06	9.779559118	8.16E-09	8.16E-09	8.16E-10
0.032224449	2.38E-06	7.66E-07	6.833667335	5.59E-09	5.59E-09	5.59E-10
0.208697395	1.90E-06	1.27E-06	2.825651303	5.28E-08	5.28E-08	5.28E-09
0.206472946	2.47E-06	1.31E-06	2.344689379	1.84E-08	1.84E-08	1.84E-09
0.092284569	5.16E-06	1.55E-06	2.745490982	2.70E-07	2.70E-07	2.70E-08
0.222785571	4.92E-06	9.92E-07	2.384769539	1.04E-08	1.04E-08	1.04E-09
0.385911824	3.59E-06	1.61E-06	8.416833667	2.34E-07	2.34E-07	2.34E-08
0.320661323	3.95E-06	1.28E-06	2.204408818	6.26E-08	6.26E-08	6.26E-09
0.090801603	1.71E-06	1.45E-06	4.849699399	1.13E-07	1.13E-07	1.13E-08
0.381462926	4.64E-06	7.56E-07	5.350701403	7.78E-08	7.78E-08	7.78E-09
0.193126253	1.80E-06	8.50E-07	1.963927856	3.02E-08	3.02E-08	3.02E-09
0.078937876	4.23E-06	1.73E-06	2.785571142	3.90E-09	3.90E-09	3.90E-10
0.116012024	2.85E-06	1.35E-06	7.655310621	1.41E-07	1.41E-07	1.41E-08
0.19238477	4.83E-06	8.36E-07	0	8.62E-09	8.62E-09	8.62E-10
0.379238477	3.13E-06	1.68E-06	9.478957916	8.54E-09	8.54E-09	8.54E-10
0.326593186	2.88E-06	1.22E-06	0.380761523	1.26E-08	1.26E-08	1.26E-09
0.09747495	1.48E-06	8.66E-07	9.899799599	7.92E-08	7.92E-08	7.92E-09
0.247995992	5.99E-06	1.49E-06	4.569138277	2.68E-07	2.68E-07	2.68E-08
0.317695391	1.68E-06	1.64E-06	0.641282565	1.13E-08	1.13E-08	1.13E-09
0.31991984	1.60E-06	1.38E-06	8.116232465	4.62E-09	4.62E-09	4.62E-10
0.127134269	1.78E-06	1.13E-06	4.468937876	5.47E-08	5.47E-08	5.47E-09
0.390360721	3.48E-06	1.16E-06	0.861723447	4.03E-08	4.03E-08	4.03E-09
0.369599198	1.58E-06	1.32E-06	9.138276553	3.40E-09	3.40E-09	3.40E-10
0.2650501	2.31E-06	1.02E-06	0.400801603	1.53E-07	1.53E-07	1.53E-08
0.319178357	4.30E-06	9.32E-07	9.659318637	6.67E-08	6.67E-08	6.67E-09
0.211663327	4.45E-06	7.50E-07	4.308617234	1.73E-08	1.73E-08	1.73E-09
0.103406814	1.57E-06	1.71E-06	7.635270541	3.65E-08	3.65E-08	3.65E-09
0.140480962	2.16E-06	1.12E-06	8.71743487	8.91E-08	8.91E-08	8.91E-09
0.324368737	5.92E-06	1.08E-06	5.991983968	2.37E-08	2.37E-08	2.37E-09
0.187194389	4.86E-06	1.40E-06	8.657314629	1.37E-07	1.37E-07	1.37E-08
0.262084168	2.99E-06	1.17E-06	3.426853707	5.83E-08	5.83E-08	5.83E-09
0.052985972	5.97E-06	8.84E-07	3.126252505	1.20E-08	1.20E-08	1.20E-09
0.327334669	5.88E-06	1.62E-06	7.274549098	2.59E-08	2.59E-08	2.59E-09
0.350320641	5.11E-07	1.40E-06	8.456913828	1.79E-08	1.79E-08	1.79E-09
0.10488978	4.24E-06	8.78E-07	9.539078156	5.09E-08	5.09E-08	5.09E-09
0.033707415	9.30E-07	9.44E-07	0.280561122	7.17E-08	7.17E-08	7.17E-09
0.30509018	3.34E-06	1.08E-06	4.408817635	9.40E-08	9.40E-08	9.40E-09
0.388877756	5.57E-06	1.56E-06	5.130260521	1.15E-08	1.15E-08	1.15E-09
0.169398798	3.89E-06	1.69E-06	8.216432866	4.93E-09	4.93E-09	4.93E-10
0.141222445	3.28E-06	1.51E-06	5.931863727	9.32E-08	9.32E-08	9.32E-09
0.335490982	1.14E-06	1.18E-06	9.078156313	5.18E-08	5.18E-08	5.18E-09
0.038156313	5.05E-06	8.28E-07	0.160320641	3.69E-09	3.69E-09	3.69E-10
0.307314629	2.04E-06	1.47E-06	7.174348697	4.54E-09	4.54E-09	4.54E-10
0.269498998	1.34E-06	1.61E-06	8.617234469	5.34E-09	5.34E-09	5.34E-10
0.183486974	8.97E-07	8.56E-07	0.180360721	1.64E-07	1.64E-07	1.64E-08
0.358476954	3.17E-06	1.03E-06	5.090180361	6.86E-08	6.86E-08	6.86E-09
0.202024048	8.31E-07	8.14E-07	5.250501002	5.20E-09	5.20E-09	5.20E-10
0.12490982	4.48E-06	1.04E-06	1.22244489	9.83E-08	9.83E-08	9.83E-09
0.045571142	5.65E-06	1.39E-06	0.06012024	7.85E-08	7.85E-08	7.85E-09
0.371823647	2.08E-06	9.70E-07	5.651302605	1.44E-07	1.44E-07	1.44E-08
0.106372745	2.22E-06	1.52E-06	5.410821643	2.42E-07	2.42E-07	2.42E-08
0.130841683	6.32E-07	1.49E-06	6.152304609	1.27E-08	1.27E-08	1.27E-09
0.121943888	3.18E-06	1.46E-06	4.008016032	1.09E-08	1.09E-08	1.09E-09
0.216112224	1.47E-06	8.96E-07	2.585170341	2.04E-07	2.04E-07	2.04E-08
0.280621242	5.22E-07	1.68E-06	9.058116232	6.52E-09	6.52E-09	6.52E-10
0.144188377	2.34E-06	9.98E-07	6.613226453	1.05E-08	1.05E-08	1.05E-09
0.288777555	1.64E-06	1.21E-06	6.913827655	1.40E-08	1.40E-08	1.40E-09
0.243547094	3.76E-06	9.72E-07	1.823647295	2.22E-08	2.22E-08	2.22E-09
0.227975952	1.40E-06	1.51E-06	2.284569138	1.01E-08	1.01E-08	1.01E-09
0.270981964	2.33E-06	1.37E-06	2.50501002	9.43E-09	9.43E-09	9.43E-10
0.04260521	4.03E-06	1.47E-06	7.314629259	2.60E-07	2.60E-07	2.60E-08
0.138256513	1.86E-06	1.43E-06	7.595190381	1.24E-07	1.24E-07	1.24E-08
0.053727455	6.10E-07	8.88E-07	5.711422846	4.61E-08	4.61E-08	4.61E-09
0.132324649	5.99E-07	1.57E-06	1.543086172	2.08E-07	2.08E-07	2.08E-08
0.322144289	4.10E-06	1.58E-06	0.961923848	8.44E-08	8.44E-08	8.44E-09
0.351062124	4.69E-06	1.21E-06	7.775551102	2.83E-08	2.83E-08	2.83E-09
0.120460922	4.81E-06	1.06E-06	3.406813627	4.45E-08	4.45E-08	4.45E-09
0.340681363	1.83E-06	1.75E-06	8.957915832	5.95E-09	5.95E-09	5.95E-10
0.368857715	2.62E-06	1.49E-06	6.112224449	1.36E-07	1.36E-07	1.36E-08
0.108597194	9.52E-07	1.64E-06	8.436873747	3.16E-08	3.16E-08	3.16E-09
0.377755511	5.23E-06	8.22E-07	7.915831663	3.34E-09	3.34E-09	3.34E-10
0.101923848	7.20E-07	1.63E-06	2.865731463	2.91E-08	2.91E-08	2.91E-09
0.213146293	5.74E-06	1.70E-06	3.507014028	4.75E-09	4.75E-09	4.75E-10
0.128617234	3.96E-06	1.41E-06	5.871743487	5.02E-09	5.02E-09	5.02E-10
0.1301002	3.85E-06	1.04E-06	7.575150301	8.83E-08	8.83E-08	8.83E-09
0.289519038	5.12E-06	1.39E-06	3.74749499	2.23E-07	2.23E-07	2.23E-08
